Fall 1995	2231	615
Fall 1996	2320	607
Fall 1997	2322	588
Fall 1998	2350	576
Fall 1999	2350	606
Fall 2000	2280	649
Fall 2001	2830	651
Fall 2002	2888	703
Fall 2003	2937	707
Fall 2004	2923	726
Fall 2005	2924	693
Fall 2006	2956	702
Fall 2007	2930	698
Fall 2008	2874	699
Fall 2009	2919	725
Fall 2010	2867	760
Fall 2011	2757	731
Fall 2012	2788	723
Fall 2013	2836	754
Fall 2014	2819	741
Fall 2015	2780	760
Fall 2016	2694	0
Spring 1995	2304	574
Spring 1996	2267	588
Spring 1997	2332	567
Spring 1998	2335	543
Spring 1999	2348	546
Spring 2000	2339	607
Spring 2001	2302	612
Spring 2002	2876	654
Spring 2003	2931	657
Spring 2004	2932	684
Spring 2005	2901	683
Spring 2006	2851	680
Spring 2007	2909	681
Spring 2008	2945	678
Spring 2009	2886	659
Spring 2010	2892	712
Spring 2011	2780	725
Spring 2012	2707	709
Spring 2013	2738	701
Spring 2014	2801	727
Spring 2015	2805	709
Spring 2016	2826	717
Summer 1995	400	84
Summer 1996	406	59
Summer 1997	403	71
Summer 1998	410	59
Summer 1999	415	64
Summer 2000	425	73
Summer 2001	615	85
Summer 2002	590	92
Summer 2003	609	87
Summer 2004	624	76
Summer 2005	632	87
Summer 2006	638	93
Summer 2007	635	91
Summer 2008	618	100
Summer 2009	700	101
Summer 2010	743	106
Summer 2011	703	118
Summer 2012	729	120
Summer 2013	742	120
Summer 2014	715	114
Summer 2015	691	120
Summer 2016	663	7
Winter 2014	93	9
Winter 2015	122	12
Winter 2016	130	14
Winter 2017	110	0
